勝山永平寺線 福井駅－勝山駅
36.061936,136.223917
36.063228,136.224675
36.063922,136.225351
36.064477,136.226134
36.064972,136.22695
36.067244,136.230201
36.067747,136.230952
36.068272,136.231567
36.068987,136.232239
36.069629,136.232647
36.07067,136.233188
36.071068,136.233269
36.071609,136.233431
36.072022,136.233644
36.072447,136.23387
36.072689,136.234108
36.072924,136.234481
36.073049,136.234859
36.073167,136.235554
36.073262,136.236219
36.073408,136.237183
36.073652,136.238097
36.074428,136.239628
36.075347,136.241322
36.075976,136.242399
36.0768,136.243815
36.077086,136.244298
36.077346,136.24476
36.077806,136.245607
36.078005,136.246294
36.078146,136.24689
36.078306,136.247374
36.078578,136.248096
36.079098,136.248987
36.079514,136.249727
36.079965,136.250467
36.080416,136.251165
36.080904,136.251949
36.081064,136.252482
36.081179,136.253407
36.08124,136.25448
36.081326,136.255499
36.081378,136.256325
36.081483,136.25757
36.08163,136.259018
36.081708,136.259598
36.081847,136.260188
36.082523,136.261443
36.083026,136.262333
36.083722,136.263568
36.084622,136.265118
36.085046,136.266003
36.085428,136.266829
36.086069,136.268502
36.086681,136.269935
36.08691,136.270573
36.087274,136.271228
36.08764,136.271726
36.088297,136.272837
36.089008,136.273963
36.089477,136.274714
36.089719,136.275294
36.09004,136.277053
36.090144,136.277611
36.090257,136.27818
36.090344,136.278652
36.09043,136.279081
36.091098,136.280905
36.091696,136.282536
36.091765,136.282997
36.091809,136.283405
36.091757,136.286731
36.091774,136.289166
36.091757,136.290067
36.091765,136.290947
36.091722,136.291763
36.091783,136.292342
36.091922,136.292878
36.092225,136.293726
36.092719,136.295046
36.092997,136.295981
36.093031,136.296945
36.093092,136.297814
36.093161,136.29849
36.093222,136.298779
36.093274,136.299026
36.093482,136.29982
36.09369,136.300775
36.093837,136.301376
36.094002,136.302094
36.094296,136.302977
36.094713,136.303811
36.095355,136.30497
36.095875,136.306
36.096378,136.307073
36.096672,136.307673
36.097028,136.308231
36.097392,136.308682
36.097617,136.309197
36.097773,136.309798
36.097851,136.310538
36.098007,136.311429
36.098155,136.312083
36.098319,136.312973
36.098684,136.313682
36.098944,136.314336
36.099195,136.315248
36.099351,136.315892
36.099455,136.316632
36.099568,136.317844
36.099713,136.319316
36.099706,136.319786
36.099654,136.320258
36.099213,136.321398
36.098633,136.322318
36.098293,136.322865
36.09799,136.323563
36.097474,136.324739
36.097054,136.32532
36.096256,136.326127
36.095649,136.326824
36.095363,136.327168
36.095136,136.327595
36.094536,136.328926
36.093856,136.330137
36.092757,136.33234
36.092098,136.33355
36.090618,136.336431
36.090119,136.337375
36.089939,136.337932
36.089739,136.33936
36.089459,136.341459
36.089312,136.342113
36.08906,136.342832
36.08841,136.344645
36.088185,136.345396
36.08804,136.346089
36.087942,136.346855
36.087795,136.34766
36.08776,136.348615
36.08784,136.349696
36.087959,136.350921
36.087812,136.352273
36.087691,136.353346
36.0873,136.357208
36.086824,136.361103
36.086433,136.362745
36.085621,136.36589
36.083902,136.372722
36.083523,136.374387
36.082883,136.376928
36.082384,136.379149
36.081942,136.381209
36.081483,136.383151
36.080772,136.386069
36.079783,136.390189
36.079445,136.391509
36.07915,136.392753
36.078907,136.393429
36.077926,136.395181
36.077459,136.395918
36.077242,136.396186
36.076904,136.39654
36.075274,136.398032
36.074632,136.398826
36.074502,136.399083
36.074398,136.399534
36.074216,136.400725
36.074108,136.401765
36.073921,136.402388
36.073369,136.403774
36.073227,136.404265
36.073184,136.404533
36.073184,136.404941
36.073429,136.406728
36.073626,136.408203
36.07386,136.409769
36.073956,136.410563
36.074008,136.411582
36.074025,136.412505
36.07406,136.413267
36.07406,136.414554
36.074128,136.416096
36.074208,136.416604
36.074648,136.417693
36.074832,136.418127
36.075048,136.418807
36.075387,136.419968
36.07556,136.420884
36.076087,136.422316
36.076341,136.423084
36.076419,136.423577
36.076358,136.423974
36.076007,136.424931
36.075751,136.425734
36.075629,136.426238
36.075508,136.42686
36.075427,136.427642
36.075387,136.429336
36.075387,136.431224
36.075467,136.432919
36.075507,136.43379
36.075534,136.434381
36.075507,136.434976
36.075268,136.437591
36.075127,136.439123
36.075108,136.439648
36.075268,136.441899
36.075248,136.442916
36.074968,136.444344
36.074248,136.447152
36.073808,136.448193
36.073449,136.448604
36.073236,136.448768
36.073037,136.448897
36.07191,136.449403
36.071354,136.449616
36.07071,136.449888
36.070431,136.450275
36.070071,136.451122
36.069891,136.451703
36.069671,136.452478
36.069611,136.453107
36.070106,136.454476
36.07087,136.456448
36.07137,136.457706
36.07151,136.458892
36.071614,136.460141
36.071649,136.460549
36.071771,136.461021
36.072525,136.46351
36.072707,136.464111
36.072733,136.464744
36.072709,136.465501
36.072646,136.466235
36.072534,136.466643
36.072429,136.466977
36.072291,136.467319
36.072029,136.467655
36.071641,136.468048
36.071155,136.46852
36.070661,136.468928
36.070184,136.469378
36.069791,136.470003
36.069542,136.470698
36.069431,136.472303
36.069411,136.473707
36.069316,136.474164
36.06903,136.474721
36.068623,136.475194
36.06831,136.475376
36.068092,136.475449
36.06779,136.475569
36.067495,136.475837
36.06733,136.47602
36.067114,136.476449
36.066827,136.477232
36.066507,136.47838
36.066013,136.479831
36.065793,136.48063
36.065773,136.48138
36.06583,136.482049
36.065893,136.482639
36.065993,136.484091
36.065978,136.484635
36.065913,136.485084
36.065847,136.485418
36.06557,136.485837
36.065336,136.486083
36.06505,136.486362
36.064737,136.486555
36.064338,136.486652
36.06387,136.48677
36.063575,136.48692
36.063306,136.487103
36.062717,136.487607
36.06204,136.48824
36.06145,136.488669
36.060973,136.488819
36.060436,136.489034
36.060028,136.489238
36.059568,136.48957
36.05877,136.490203
36.0574,136.491201
36.055821,136.492199

越前本線(廃止区間) 勝山駅－京福大野駅
35.989929,136.490324
35.990958,136.490691
35.992422,136.491116
35.99439,136.491709
35.995534,136.492274
35.99606,136.492698
35.997822,136.494112
36.001139,136.498549
36.0021,136.500019
36.00432,136.503072
36.006379,136.505277
36.008667,136.507453
36.01084,136.509036
36.012922,136.510591
36.014524,136.51158
36.015508,136.512004
36.016285,136.511919
36.017429,136.511721
36.018344,136.511749
36.019992,136.511806
36.021021,136.511603
36.02193,136.511489
36.022373,136.511261
36.022606,136.510805
36.022978,136.509978
36.023351,136.508924
36.023447,136.508838
36.024179,136.508386
36.024934,136.507679
36.025643,136.506944
36.026558,136.506266
36.027405,136.505588
36.027954,136.504994
36.028228,136.504881
36.028938,136.504881
36.029807,136.504655
36.030905,136.504288
36.032529,136.503411
36.03333,136.502478
36.034268,136.50098
36.03484,136.499482
36.035184,136.498578
36.035687,136.497843
36.036579,136.496599
36.036968,136.496147
36.037814,136.495808
36.039759,136.495468
36.042734,136.494479
36.044724,136.493773
36.046669,136.493151
36.047424,136.493292
36.047927,136.493264
36.049003,136.492953
36.049826,136.492896
36.050078,136.492981
36.050901,136.493659
36.051359,136.493829
36.052526,136.493744
36.053258,136.493546
36.054013,136.493151
36.055889,136.492218

